version https://git-lfs.github.com/spec/v1
oid sha256:6cd71961b64203d1b711e87fa6203f0c97debd50d5acf39ebbd70b63e8d14e0a
size 1095
